5	en	0.0394858483857	0.117479732613	0.176646280757	0.252400085336	0.413988052909
5	ca	0.0311441307578	0.111084695394	0.195126300149	0.282585438336	0.380059435364
5	eu	0.0609646686889	0.157901482463	0.212116033665	0.263510915538	0.305506899645
5	gl	0.0491637925425	0.151460922757	0.208173358495	0.264658033448	0.326543892757
5	es	0.0190534960955	0.102813930527	0.18873081411	0.276198276636	0.413203482632
5	pt	0.028865527357	0.117654427961	0.204908705593	0.265750764702	0.382820574387
5	other	0.279807692308	0.320192307692	0.196153846154	0.1	0.103846153846
5	und	0.222492190212	0.233946546338	0.195418257549	0.155848663658	0.192294342242
6	en	0.0383309332053	0.103809980977	0.145856667911	0.184578733088	0.200810709905	0.326612974914
6	ca	0.0298269423174	0.0918978890331	0.152829646653	0.202686505067	0.237189075672	0.285569941257
6	eu	0.0609672733487	0.148893446125	0.19469366829	0.217593779373	0.190122190891	0.187729641972
6	gl	0.0489050857385	0.131389711385	0.178179806722	0.207919825595	0.200175706895	0.233429863664
6	es	0.0163226288543	0.0672382803121	0.130116529298	0.181770446482	0.260199399065	0.344352715988
6	pt	0.0274251472001	0.0839562366894	0.153432580281	0.196548628221	0.237702008602	0.300935399006
6	other	0.280076997113	0.319538017324	0.194417709336	0.0962463907603	0.0413859480269	0.0683349374398
6	und	0.222569444444	0.234027777778	0.19375	0.122916666667	0.0847222222222	0.142013888889
7	en	0.0383316146926	0.102602851758	0.138196493973	0.161362585784	0.155691071365	0.131582690325	0.272232692103
7	ca	0.0298074256053	0.0875797440266	0.137030946626	0.174911835797	0.183886753576	0.16415382177	0.2226294726
7	eu	0.0609698782311	0.147917111728	0.191625721	0.207049775689	0.164238410596	0.106002990814	0.122196111942
7	gl	0.0489066770793	0.128888455031	0.168814265261	0.191494207992	0.161265130808	0.129506703111	0.171124560718
7	es	0.0162598342152	0.0573559705411	0.101696892994	0.141603723201	0.192770813979	0.209026160247	0.281286604823
7	pt	0.0274254335139	0.0781734473363	0.132241327111	0.162401996096	0.186382285696	0.175858937017	0.23751657323
7	other	0.279383429672	0.319845857418	0.194605009634	0.0963391136802	0.0414258188825	0.0317919075145	0.0366088631985
7	und	0.222646752345	0.234109065648	0.192427926363	0.122264675234	0.068426536992	0.0406391108024	0.119485932615
8	en	0.0383322962041	0.102604675971	0.136261000978	0.150591163659	0.137683349631	0.103635878745	0.0916881500578	0.239203484754
8	ca	0.0298077208832	0.0865008370729	0.132742924505	0.164422914995	0.167117398239	0.130078159826	0.11375276135	0.175577283129
8	eu	0.0609724833362	0.147923431892	0.190950264912	0.201888566057	0.158605366604	0.0928473765168	0.0613997607247	0.0854127499573
8	gl	0.0489082685236	0.127851355309	0.167745924311	0.184471706095	0.153135270574	0.108034232534	0.0850932283362	0.124760014318
8	es	0.0162598707019	0.054880990582	0.0900912626196	0.122716471029	0.159930616174	0.160134818249	0.154856980008	0.241128990636
8	pt	0.0274257198338	0.0766917921199	0.126615580565	0.150188962896	0.162737769611	0.140552899171	0.124705071722	0.19108220408
8	other	0.27868852459	0.320154291225	0.194792671167	0.0964320154291	0.0414657666345	0.0318225650916	0.0173577627772	0.0192864030858
8	und	0.222376650452	0.234190410007	0.192494788047	0.0962473940236	0.0684503127172	0.0309242529534	0.0302293259208	0.125086865879
9	en	0.0383329777398	0.102606500249	0.136085626911	0.147446838774	0.131391792902	0.0942322736647	0.0740345636868	0.0693940687007	0.206475357371
9	ca	0.0298080161671	0.0862936619579	0.131515859965	0.161254532126	0.159946902304	0.121322291126	0.0945158797773	0.078249757296	0.137093099281
9	eu	0.0609750886638	0.147929752596	0.190958424134	0.201042601376	0.157073879417	0.0905439473572	0.0540956287655	0.043114130667	0.0542665470239
9	gl	0.0489098600716	0.127725349821	0.167686300033	0.182427595184	0.150634559063	0.104555808656	0.071298405467	0.0596810933941	0.0870810283111
9	es	0.0162599071888	0.0535863350358	0.0861465411232	0.114983977955	0.143747363319	0.138052132233	0.120575985782	0.117149422399	0.209498334964
9	pt	0.0274260061596	0.0761392702406	0.124643733361	0.146964556037	0.153019783891	0.12776530772	0.103314715248	0.0938247115937	0.146901915749
9	other	0.278957528958	0.319498069498	0.194980694981	0.0965250965251	0.0415057915058	0.0318532818533	0.0173745173745	0.00965250965251	0.00965250965251
9	und	0.222453945082	0.233924226625	0.192561696211	0.0962808481057	0.0472714633299	0.0271115745568	0.0246784845325	0.0479666319082	0.107751129649
10	en	0.0383336592998	0.102608324592	0.136052486532	0.147236100493	0.12929609018	0.092775989901	0.0693775225361	0.0565048094874	0.0511174723966	0.176697544583
10	ca	0.0298083114567	0.0862945168161	0.131348754272	0.160443806033	0.158789439794	0.118827084056	0.090375947298	0.0672643518748	0.0545940858884	0.102253702511
10	eu	0.0609776942142	0.14793607384	0.190966584053	0.200965729425	0.156268694983	0.090462353645	0.0531578497564	0.0382445944791	0.0238013844971	0.0372190411076
10	gl	0.0489114517231	0.12772950633	0.167691756972	0.182238276547	0.150183865404	0.103843275082	0.0701617364704	0.0520029939145	0.039311399655	0.0579257379023
10	es	0.0162599436759	0.0527359834842	0.0845647222503	0.112455260471	0.1371660664	0.128567100879	0.107318769845	0.0924702951967	0.0905516846747	0.177910173124
10	pt	0.0274262924914	0.0758895013781	0.124060385868	0.145995155767	0.15099599098	0.123329574877	0.0962686878811	0.0798880815167	0.0676104568613	0.10853587238
10	other	0.27922705314	0.319806763285	0.194202898551	0.0966183574879	0.0415458937198	0.031884057971	0.0173913043478	0.00966183574879	0.00386473429952	0.00579710144928
10	und	0.222531293463	0.233657858136	0.192628650904	0.096314325452	0.0472878998609	0.0271210013908	0.0246870653686	0.0417246175243	0.0399860917942	0.0740611961057
