1	en	1.0
1	ca	1.0
1	eu	1.0
1	gl	1.0
1	es	1.0
1	pt	1.0
1	other	1.0
1	und	1.0
2	en	0.379584362945	0.620415637055
2	ca	0.375323170188	0.624676829812
2	eu	0.400897052542	0.599102947458
2	gl	0.3808764681	0.6191235319
2	es	0.371192440741	0.628807559259
2	pt	0.392003422335	0.607996577665
2	other	0.459252157239	0.540747842761
2	und	0.416435506241	0.583564493759
3	en	0.128515555556	0.339644444444	0.53184
3	ca	0.123524051034	0.368680164831	0.507795784135
3	eu	0.147635524798	0.361228587295	0.491135887906
3	gl	0.119826913066	0.377895627277	0.502277459656
3	es	0.111982537571	0.370677297272	0.517340165157
3	pt	0.126231218698	0.351408597663	0.522360183639
3	other	0.300383877159	0.358925143954	0.340690978887
3	und	0.265348595213	0.280610475199	0.454040929587
4	en	0.0574232430799	0.166189621149	0.280947216839	0.495439918932
4	ca	0.0516091965409	0.173876435102	0.31830293905	0.456211429307
4	eu	0.073991797676	0.201640464798	0.310406698565	0.413961038961
4	gl	0.0607450789003	0.200585651537	0.319277696437	0.419391573125
4	es	0.041834546254	0.183961629232	0.320857150549	0.453346673965
4	pt	0.0474963219566	0.186969813959	0.315633510366	0.449900353718
4	other	0.279538904899	0.325648414986	0.217098943324	0.177713736792
4	und	0.222414989591	0.236294240111	0.248785565579	0.292505204719
5	en	0.0394858483857	0.117479732613	0.176646280757	0.252400085336	0.413988052909
5	ca	0.0311441307578	0.111084695394	0.195126300149	0.282585438336	0.380059435364
5	eu	0.0609646686889	0.157901482463	0.212116033665	0.263510915538	0.305506899645
5	gl	0.0491637925425	0.151460922757	0.208173358495	0.264658033448	0.326543892757
5	es	0.0190710143464	0.102872654261	0.188753911902	0.276097856446	0.413204563045
5	pt	0.028829900457	0.117740353513	0.204835242806	0.265698365993	0.382896137232
5	other	0.279807692308	0.320192307692	0.196153846154	0.1	0.103846153846
5	und	0.222492190212	0.233946546338	0.195418257549	0.155848663658	0.192294342242
